-2.816874076832064588e+00
-2.842075352868183913e+00
-2.850885586740239397e+00
-2.854898003359669367e+00
-2.857040780363789167e+00
-2.858313238427522496e+00
-2.859128304461624914e+00
-2.859680838036504635e+00
-2.860072243808336800e+00
-2.860359417991927167e+00
-2.860576245176669197e+00
-2.860743907405348452e+00
-2.860876189395493263e+00
-2.860982370288208898e+00
-2.861068878069758625e+00
-2.861140283021569974e+00
-2.861199901790552502e+00
-2.861250189161359536e+00
-2.861292993316088218e+00
-2.861329727010085477e+00
