-2.817983733228264231e+00
-2.817391289571479440e+00
-2.817168605841410489e+00
-2.817067678744045622e+00
-2.817009494575715145e+00
-2.816972452664284976e+00
-2.816946516092070585e+00
-2.816927122722550081e+00
-2.816912418586341005e+00
-2.816900751187367824e+00
-2.816891154879453296e+00
-2.816883313314146875e+00
-2.816876706901084937e+00
-2.816870996367778268e+00
-2.816866131345360014e+00
-2.816861885657417464e+00
-2.816858101917277146e+00
-2.816854791515007062e+00
-2.816851834719393821e+00
-2.816849177746294064e+00
